e777777777777777777777777777777777777777777777777
8888888888888888888888888888888888888888888888888

 888888888  8888888888888888888888888888888888888
 888888888  8888888888888888888888888888888888888
 888888888  8888888888888888888888888888888888888
 888888888  8888888888888888888888888888888888888
 888888888  8888888888888888888888888888888888888
 888888888  8888888888888888888888888888888888888
 888888888  8888888888888888888888888888888888888
 888888888  8888888888888888888888888888888888888
 888888888  8888888888888888888888888888888888888
 888888888  8888888888888888888888888888888888888
 888888888  8888888888888888888888888888888888888
 888888888  8888888888888888888888888888888888888
 888888888  8888888888888888888888888888888888888
 888888888  8888888888888888888888888888888888888